25,25,26,26
26,26,25,25
28,28,23,23
29,29,22,22
29,29,22,22
33,33,18,18
34,34,17,17
36,36,15,15
37,37,14,14
39,39,12,12
40,40,11,11
42,42,9,9
43,43,8,8
45,45,6,6
46,46,5,5
48,48,3,3
49,49,2,2
51,51,100,100
52,52,99,99
54,54,97,97
55,55,96,96
57,57,94,94
59,59,92,92
60,60,91,91
62,62,89,89
63,63,88,88
65,65,86,86
66,66,85,85
68,68,83,83
69,69,82,82
71,71,80,80
72,72,79,79
74,74,77,77
75,75,76,76
77,77,74,74
78,78,73,73
80,80,71,71
81,81,70,70
84,84,67,67
86,86,65,65
88,88,63,63
89,89,62,62
91,91,60,60
92,92,59,59
94,94,57,57
95,95,56,56
97,97,54,54
98,98,53,53

